234 46 1.000000 186 62 1.000000 138 66 1.000000 
234 44 1.000000 184 62 1.000000 136 62 1.000000 56 114 1.000000 
234 42 1.000000 182 60 1.000000 136 62 1.000000 146 86 1.000000 264 172 1.000000 
232 42 1.000000 180 60 1.000000 136 62 1.000000 264 172 1.000000 
232 40 1.000000 178 60 1.000000 134 62 1.000000 56 106 1.000000 264 168 1.000000 
232 36 1.000000 174 58 1.000000 
230 38 1.000000 174 56 1.000000 134 60 1.000000 
232 36 1.000000 172 56 1.000000 134 60 1.000000 152 86 1.000000 56 106 1.000000 261 159 1.562500 
232 34 1.000000 170 56 1.000000 134 60 1.000000 150 82 1.000000 56 102 1.000000 261 159 1.562500 
232 34 1.000000 168 54 1.000000 132 58 1.000000 152 82 1.000000 56 102 1.000000 261 156 1.562500 
232 32 1.000000 168 54 1.000000 132 58 1.000000 152 80 1.000000 
234 28 1.000000 170 52 1.000000 134 56 1.000000 152 78 1.000000 58 98 1.000000 264 153 1.562500 
232 30 1.000000 168 52 1.000000 132 56 1.000000 58 98 1.000000 
232 28 1.000000 0 34 1.000000 164 50 1.000000 
234 26 1.000000 2 34 1.000000 164 50 1.000000 130 54 1.000000 58 96 1.000000 267 150 1.562500 
234 28 1.000000 6 30 1.000000 162 48 1.000000 267 147 1.562500 
234 26 1.000000 6 32 1.000000 162 48 1.000000 130 54 1.000000 60 94 1.000000 270 147 1.562500 
236 26 1.000000 10 30 1.000000 128 54 1.000000 60 94 1.000000 270 144 1.562500 
12 28 1.000000 160 46 1.000000 128 54 1.000000 60 92 1.000000 273 147 1.562500 
236 26 1.000000 14 30 1.000000 130 54 1.000000 154 70 1.000000 60 90 1.000000 
16 30 1.000000 160 46 1.000000 130 54 1.000000 60 92 1.000000 
236 26 1.000000 18 30 1.000000 154 70 1.000000 60 92 1.000000 
238 26 1.000000 128 56 1.000000 154 70 1.000000 60 88 1.000000 
238 26 1.000000 24 30 1.000000 128 56 1.000000 2 62 1.000000 62 90 1.000000 
28 28 1.000000 128 56 1.000000 2 62 1.000000 62 90 1.000000 
240 26 1.000000 30 28 1.000000 158 48 1.000000 128 58 1.000000 2 64 1.000000 62 90 1.000000 
240 28 1.000000 32 30 1.000000 130 58 1.000000 6 64 1.000000 62 90 1.000000 
240 28 1.000000 34 32 1.000000 6 62 1.000000 62 92 1.000000 
240 26 1.000000 38 30 1.000000 62 92 1.000000 
240 30 1.000000 40 30 1.000000 8 64 1.000000 62 88 1.000000 
240 30 1.000000 42 32 1.000000 8 70 1.000000 64 92 1.000000 
242 30 1.000000 44 32 1.000000 8 70 1.000000 66 98 1.000000 
242 30 1.000000 46 32 1.000000 156 52 1.000000 10 70 1.000000 64 90 1.000000 
242 30 1.000000 50 32 1.000000 156 52 1.000000 12 70 1.000000 66 96 1.000000 
244 28 1.000000 52 32 1.000000 66 96 1.000000 
244 30 1.000000 54 32 1.000000 158 50 1.000000 68 96 1.000000 
242 30 1.000000 14 70 1.000000 66 96 1.000000 
244 28 1.000000 58 32 1.000000 16 68 1.000000 68 94 1.000000 
244 26 1.000000 156 50 1.000000 70 92 1.000000 
242 28 1.000000 154 50 1.000000 70 92 1.000000 
240 28 1.000000 60 32 1.000000 70 92 1.000000 
240 26 1.000000 62 30 1.000000 150 52 1.000000 70 90 1.000000 
238 26 1.000000 62 30 1.000000 16 66 1.000000 70 90 1.000000 128 176 2.441406 
238 26 1.000000 64 30 1.000000 0 56 1.000000 68 90 1.000000 
236 26 1.000000 64 32 1.000000 146 50 1.000000 66 90 1.000000 
236 26 1.000000 64 32 1.000000 66 88 1.000000 
234 28 1.000000 64 30 1.000000 14 72 1.000000 68 88 1.000000 
232 26 1.000000 274 62 1.000000 66 90 1.000000 
230 28 1.000000 62 30 1.000000 64 90 1.000000 
228 26 1.000000 62 30 1.000000 8 62 1.000000 286 68 1.000000 
228 26 1.000000 62 30 1.000000 6 56 1.000000 284 68 1.000000 124 176 2.441406 
226 26 1.000000 62 28 1.000000 6 56 1.000000 282 66 1.000000 
60 28 1.000000 6 56 1.000000 258 62 1.000000 280 66 1.000000 8 70 1.000000 
222 24 1.000000 60 28 1.000000 6 56 1.000000 160 64 1.000000 256 62 1.000000 278 66 1.000000 64 90 1.000000 
220 24 1.000000 58 28 1.000000 8 56 1.000000 252 62 1.000000 158 62 1.000000 274 64 1.000000 
218 24 1.000000 58 26 1.000000 118 50 1.000000 8 54 1.000000 160 64 1.000000 270 64 1.000000 4 68 1.000000 
218 24 1.000000 58 26 1.000000 8 54 1.000000 160 64 1.000000 268 64 1.000000 
216 22 1.000000 60 26 1.000000 8 54 1.000000 246 58 1.000000 266 68 1.000000 160 64 1.000000 62 92 1.000000 
214 22 1.000000 58 26 1.000000 10 52 1.000000 242 58 1.000000 260 60 1.000000 134 62 1.000000 
212 20 1.000000 56 26 1.000000 106 50 1.000000 10 52 1.000000 258 64 1.000000 162 62 1.000000 62 94 1.000000 
210 20 1.000000 54 26 1.000000 254 58 1.000000 128 60 1.000000 162 62 1.000000 62 94 1.000000 
208 18 1.000000 56 24 1.000000 100 50 1.000000 234 56 1.000000 130 58 1.000000 162 62 1.000000 252 62 1.000000 62 94 1.000000 112 164 2.441406 
208 18 1.000000 54 22 1.000000 96 48 1.000000 130 58 1.000000 250 60 1.000000 62 94 1.000000 
206 18 1.000000 54 20 1.000000 94 44 1.000000 128 58 1.000000 
204 16 1.000000 54 20 1.000000 16 48 1.000000 128 56 1.000000 162 62 1.000000 
204 14 1.000000 52 18 1.000000 16 46 1.000000 124 54 1.000000 
202 14 1.000000 52 20 1.000000 124 52 1.000000 218 52 1.000000 
200 14 1.000000 52 20 1.000000 216 50 1.000000 124 52 1.000000 164 62 1.000000 70 80 1.000000 108 156 2.441406 
54 18 1.000000 214 50 1.000000 124 52 1.000000 234 56 1.000000 70 90 1.000000 
54 16 1.000000 210 50 1.000000 232 56 1.000000 72 90 1.000000 104 152 2.441406 
200 12 1.000000 54 16 1.000000 76 46 1.000000 124 50 1.000000 230 56 1.000000 168 62 1.000000 
198 12 1.000000 54 14 1.000000 24 40 1.000000 74 44 1.000000 126 50 1.000000 226 56 1.000000 170 62 1.000000 78 88 1.000000 
54 14 1.000000 72 44 1.000000 122 48 1.000000 202 48 1.000000 224 56 1.000000 80 80 1.000000 
198 8 1.000000 56 12 1.000000 70 42 1.000000 126 48 1.000000 200 48 1.000000 222 56 1.000000 82 86 1.000000 
56 14 1.000000 68 46 1.000000 124 46 1.000000 200 48 1.000000 220 54 1.000000 84 86 1.000000 
56 12 1.000000 68 42 1.000000 124 46 1.000000 198 48 1.000000 218 54 1.000000 174 62 1.000000 86 78 1.000000 
64 44 1.000000 122 44 1.000000 194 46 1.000000 216 54 1.000000 172 62 1.000000 6 68 1.000000 88 84 1.000000 
56 12 1.000000 62 46 1.000000 124 44 1.000000 194 46 1.000000 212 52 1.000000 176 62 1.000000 6 68 1.000000 90 84 1.000000 
196 8 1.000000 58 12 1.000000 60 46 1.000000 190 44 1.000000 122 48 1.000000 210 52 1.000000 8 66 1.000000 176 62 1.000000 92 78 1.000000 
58 10 1.000000 188 46 1.000000 122 48 1.000000 210 48 1.000000 8 62 1.000000 172 64 1.000000 94 84 1.000000 
196 6 1.000000 58 10 1.000000 122 44 1.000000 186 46 1.000000 206 48 1.000000 12 64 1.000000 176 62 1.000000 98 84 1.000000 
196 6 1.000000 60 8 1.000000 184 46 1.000000 122 46 1.000000 206 50 1.000000 14 64 1.000000 176 62 1.000000 100 84 1.000000 
196 4 1.000000 60 8 1.000000 118 46 1.000000 182 46 1.000000 204 48 1.000000 14 64 1.000000 178 64 1.000000 102 82 1.000000 
62 8 1.000000 52 44 1.000000 182 46 1.000000 202 48 1.000000 18 64 1.000000 176 66 1.000000 
62 8 1.000000 50 40 1.000000 116 44 1.000000 180 44 1.000000 200 46 1.000000 18 60 1.000000 178 66 1.000000 110 82 1.000000 
62 6 1.000000 50 40 1.000000 178 44 1.000000 200 46 1.000000 20 62 1.000000 178 66 1.000000 112 82 1.000000 
196 2 1.000000 62 6 1.000000 48 40 1.000000 178 46 1.000000 114 44 1.000000 198 46 1.000000 22 60 1.000000 178 66 1.000000 116 82 1.000000 270 117 1.562500 
64 6 1.000000 46 38 1.000000 116 40 1.000000 178 44 1.000000 22 64 1.000000 176 66 1.000000 118 82 1.000000 270 117 1.562500 
198 0 1.000000 66 4 1.000000 46 42 1.000000 114 42 1.000000 196 44 1.000000 176 48 1.000000 24 60 1.000000 178 68 1.000000 270 117 1.562500 
198 0 1.000000 44 40 1.000000 114 42 1.000000 176 48 1.000000 26 64 1.000000 178 68 1.000000 124 82 1.000000 
200 0 1.000000 42 40 1.000000 112 42 1.000000 174 46 1.000000 176 70 1.000000 126 82 1.000000 111 138 1.562500 
200 0 1.000000 40 40 1.000000 112 44 1.000000 174 48 1.000000 178 70 1.000000 128 78 1.250000 
200 0 1.000000 112 42 1.000000 42 42 1.000000 192 44 1.000000 174 48 1.000000 178 70 1.000000 
200 0 1.000000 40 42 1.000000 110 44 1.000000 172 50 1.000000 178 72 1.000000 273 117 1.562500 
200 0 1.000000 76 18 1.000000 38 42 1.000000 110 44 1.000000 170 50 1.000000 
110 44 1.000000 188 42 1.000000 168 52 1.000000 273 120 1.562500 
80 16 1.000000 110 44 1.000000 166 52 1.000000 176 76 1.000000 273 120 1.562500 
68 4 1.000000 84 16 1.000000 108 44 1.000000 32 44 1.000000 166 52 1.000000 178 78 1.000000 273 120 1.562500 111 138 1.562500 
68 4 1.000000 86 16 1.000000 164 52 1.000000 178 80 1.000000 
66 2 1.000000 88 16 1.000000 162 52 1.000000 180 80 1.000000 276 120 1.562500 
88 16 1.000000 160 50 1.000000 150 82 1.250000 276 123 1.562500 
